1
1.000000e+00
1.000000e+00
1.000000e+00
1.000000e+00
1.000000e+00
1.000000e+00
1.000000e+00
1.000000e+00
1.000000e+00
1.000000e+00
1.000000e+00
1.000000e+00
1.000000e+00
1.000000e+00
1.000000e+00
1.000000e+00
1.000000e+00
1.000000e+00
1.000000e+00
1.000000e+00
1.000000e+00
1.000000e+00
1.000000e+00
9.999999e-01
9.999997e-01
9.999992e-01
9.999979e-01
9.999942e-01
9.999852e-01
9.999636e-01
9.999147e-01
9.998085e-01
9.995885e-01
9.991523e-01
9.983252e-01
9.968236e-01
9.942125e-01
9.898619e-01
9.829127e-01
9.722678e-01
9.566250e-01
9.345665e-01
9.047094e-01
8.659104e-01
8.174951e-01
7.594722e-01
6.926800e-01
6.188210e-01
5.403595e-01
4.602841e-01
3.817732e-01
3.078239e-01
2.409151e-01
1.827672e-01
1.342348e-01
9.533909e-02
6.541219e-02
4.331139e-02
2.765023e-02
1.700447e-02
1.006520e-02
5.729410e-03
3.133728e-03
1.645546e-03
8.288642e-04
4.001276e-04
1.849518e-04
8.178048e-05
3.455701e-05
1.393983e-05
5.361957e-06
1.964310e-06
6.844712e-07
2.265436e-07
7.111195e-08
2.113552e-08
5.937208e-09
1.573238e-09
3.923802e-10
9.189171e-11
2.015309e-11
4.126719e-12
7.863305e-13
1.388951e-13
2.264438e-14
3.390378e-15
4.634646e-16
5.744908e-17
6.404524e-18
6.357787e-19
5.551215e-20
4.196969e-21
2.691757e-22
1.423951e-23
5.965206e-25
1.855403e-26
3.809085e-28
3.871445e-30
0
