1
1
1
1
1
1
1
1
1
1
1
1.000000e+00
1.000000e+00
1.000000e+00
1.000000e+00
1.000000e+00
1.000000e+00
1.000000e+00
1.000000e+00
1.000000e+00
1.000000e+00
1.000000e+00
1.000000e+00
1.000000e+00
9.999999e-01
9.999997e-01
9.999992e-01
9.999978e-01
9.999942e-01
9.999850e-01
9.999635e-01
9.999140e-01
9.998060e-01
9.995799e-01
9.991326e-01
9.982866e-01
9.967534e-01
9.940905e-01
9.897088e-01
9.826280e-01
9.717682e-01
9.560812e-01
9.336702e-01
9.036163e-01
8.650041e-01
8.161333e-01
7.579794e-01
6.916520e-01
6.169846e-01
5.380819e-01
4.583585e-01
3.800677e-01
3.060241e-01
2.384570e-01
1.814302e-01
1.334720e-01
9.469106e-02
6.500854e-02
4.290956e-02
2.723261e-02
1.673296e-02
9.865800e-03
5.638299e-03
3.085637e-03
1.615107e-03
8.138270e-04
3.921515e-04
1.805754e-04
8.029609e-05
3.408916e-05
1.381764e-05
5.357585e-06
1.969341e-06
6.859382e-07
2.286373e-07
7.089023e-08
2.140365e-08
6.031382e-09
1.552071e-09
3.841259e-10
9.061657e-11
1.965205e-11
4.088111e-12
7.841917e-13
1.402234e-13
2.282451e-14
3.385329e-15
4.711441e-16
5.900845e-17
6.608459e-18
6.727987e-19
5.826946e-20
4.461484e-21
2.785443e-22
1.464258e-23
6.196473e-25
1.790007e-26
3.795354e-28
3.700889e-30
0
