1
1
1
1
1
1
1
1
1
1.000000e+00
1.000000e+00
1.000000e+00
1.000000e+00
1.000000e+00
1.000000e+00
1.000000e+00
1.000000e+00
1.000000e+00
1.000000e+00
1.000000e+00
1.000000e+00
1.000000e+00
1.000000e+00
1.000000e+00
9.999999e-01
9.999997e-01
9.999992e-01
9.999978e-01
9.999942e-01
9.999851e-01
9.999635e-01
9.999146e-01
9.998091e-01
9.995913e-01
9.991556e-01
9.983259e-01
9.968267e-01
9.942216e-01
9.898749e-01
9.829662e-01
9.724218e-01
9.569220e-01
9.349049e-01
9.050766e-01
8.663283e-01
8.176353e-01
7.596801e-01
6.929464e-01
6.187780e-01
5.401094e-01
4.597611e-01
3.812092e-01
3.069586e-01
2.407590e-01
1.824274e-01
1.342230e-01
9.554913e-02
6.531394e-02
4.347217e-02
2.772069e-02
1.711355e-02
1.006681e-02
5.724464e-03
3.135656e-03
1.641735e-03
8.282835e-04
3.997726e-04
1.841912e-04
8.102603e-05
3.470521e-05
1.395656e-05
5.388529e-06
1.969977e-06
6.762999e-07
2.218272e-07
6.893787e-08
2.030608e-08
5.662641e-09
1.520493e-09
3.800427e-10
8.989295e-11
1.946075e-11
3.962942e-12
7.590468e-13
1.333521e-13
2.190280e-14
3.296500e-15
4.615348e-16
5.634719e-17
6.122038e-18
5.982796e-19
5.123108e-20
3.981661e-21
2.455881e-22
1.339514e-23
5.861285e-25
1.873483e-26
3.957858e-28
3.968338e-30
0
