1
1
1
1
1
1
1
1
1
1
1.000000e+00
1.000000e+00
1.000000e+00
1.000000e+00
1.000000e+00
1.000000e+00
1.000000e+00
1.000000e+00
1.000000e+00
1.000000e+00
1.000000e+00
1.000000e+00
1.000000e+00
1.000000e+00
9.999999e-01
9.999997e-01
9.999992e-01
9.999979e-01
9.999942e-01
9.999851e-01
9.999637e-01
9.999143e-01
9.998082e-01
9.995886e-01
9.991472e-01
9.983153e-01
9.968071e-01
9.941906e-01
9.898245e-01
9.828685e-01
9.722064e-01
9.564824e-01
9.344597e-01
9.046551e-01
8.654068e-01
8.170760e-01
7.592983e-01
6.927837e-01
6.182971e-01
5.402321e-01
4.596063e-01
3.812283e-01
3.074295e-01
2.399397e-01
1.819811e-01
1.340841e-01
9.503193e-02
6.554614e-02
4.361966e-02
2.783421e-02
1.711583e-02
1.013892e-02
5.759189e-03
3.157358e-03
1.656352e-03
8.383088e-04
4.037685e-04
1.858186e-04
8.175886e-05
3.440803e-05
1.385671e-05
5.356392e-06
1.960270e-06
6.834236e-07
2.280174e-07
7.235386e-08
2.149404e-08
6.039991e-09
1.589274e-09
3.909155e-10
9.138506e-11
2.000395e-11
4.079543e-12
7.953077e-13
1.389893e-13
2.278714e-14
3.495249e-15
4.859857e-16
6.126249e-17
6.967536e-18
6.896940e-19
5.899022e-20
4.412504e-21
2.692880e-22
1.413953e-23
5.932607e-25
1.791783e-26
3.834886e-28
3.803042e-30
0
