1
1
1
1
1
1
1
1
1
1
1
1.000000e+00
1.000000e+00
1.000000e+00
1.000000e+00
1.000000e+00
1.000000e+00
1.000000e+00
1.000000e+00
1.000000e+00
1.000000e+00
1.000000e+00
1.000000e+00
1.000000e+00
9.999999e-01
9.999997e-01
9.999993e-01
9.999979e-01
9.999944e-01
9.999855e-01
9.999645e-01
9.999170e-01
9.998132e-01
9.995987e-01
9.991647e-01
9.983382e-01
9.968337e-01
9.942568e-01
9.898742e-01
9.828442e-01
9.722368e-01
9.567307e-01
9.344824e-01
9.048303e-01
8.661730e-01
8.175736e-01
7.587409e-01
6.918174e-01
6.180678e-01
5.394031e-01
4.597836e-01
3.804617e-01
3.063896e-01
2.402586e-01
1.819991e-01
1.338010e-01
9.522507e-02
6.520706e-02
4.307251e-02
2.750468e-02
1.693920e-02
1.005083e-02
5.725388e-03
3.120174e-03
1.639259e-03
8.237169e-04
3.993805e-04
1.859161e-04
8.339300e-05
3.532472e-05
1.426814e-05
5.531881e-06
2.018806e-06
6.962150e-07
2.276573e-07
7.105735e-08
2.085458e-08
5.870462e-09
1.538415e-09
3.877582e-10
9.077522e-11
2.027246e-11
4.152985e-12
7.827922e-13
1.369533e-13
2.221422e-14
3.372356e-15
4.401227e-16
5.549371e-17
6.197234e-18
6.356627e-19
5.365815e-20
4.147456e-21
2.645014e-22
1.479785e-23
6.070683e-25
1.949927e-26
3.894902e-28
4.078653e-30
0
