1
1
1
1
1
1
1
1
1
1
1
1.000000e+00
1.000000e+00
1.000000e+00
1.000000e+00
1.000000e+00
1.000000e+00
1.000000e+00
1.000000e+00
1.000000e+00
1.000000e+00
1.000000e+00
1.000000e+00
1.000000e+00
9.999999e-01
9.999997e-01
9.999993e-01
9.999979e-01
9.999943e-01
9.999853e-01
9.999638e-01
9.999151e-01
9.998093e-01
9.995898e-01
9.991528e-01
9.983347e-01
9.968259e-01
9.941845e-01
9.897809e-01
9.828805e-01
9.723053e-01
9.568522e-01
9.347243e-01
9.049844e-01
8.661673e-01
8.178685e-01
7.596320e-01
6.931015e-01
6.191030e-01
5.407816e-01
4.608392e-01
3.815859e-01
3.071439e-01
2.404004e-01
1.826596e-01
1.344285e-01
9.514142e-02
6.518693e-02
4.305078e-02
2.746277e-02
1.688824e-02
9.988600e-03
5.722796e-03
3.151703e-03
1.657842e-03
8.339114e-04
4.036919e-04
1.855520e-04
8.267596e-05
3.540558e-05
1.413318e-05
5.417404e-06
2.008031e-06
6.989593e-07
2.315519e-07
7.254061e-08
2.159939e-08
6.008395e-09
1.585272e-09
3.995791e-10
9.383953e-11
2.046627e-11
4.180958e-12
8.068850e-13
1.429723e-13
2.339651e-14
3.545965e-15
4.915496e-16
6.019417e-17
6.466478e-18
6.439701e-19
5.784427e-20
4.350615e-21
2.811989e-22
1.526135e-23
6.658828e-25
1.924569e-26
3.681484e-28
3.693301e-30
0
