1
1
1
1
1
1
1
1
1
1
1.000000e+00
1.000000e+00
1.000000e+00
1.000000e+00
1.000000e+00
1.000000e+00
1.000000e+00
1.000000e+00
1.000000e+00
1.000000e+00
1.000000e+00
1.000000e+00
1.000000e+00
1.000000e+00
9.999999e-01
9.999997e-01
9.999992e-01
9.999978e-01
9.999942e-01
9.999849e-01
9.999629e-01
9.999133e-01
9.998053e-01
9.995809e-01
9.991385e-01
9.983010e-01
9.967774e-01
9.941093e-01
9.896500e-01
9.826153e-01
9.719252e-01
9.560284e-01
9.338077e-01
9.039756e-01
8.648273e-01
8.160543e-01
7.579128e-01
6.916219e-01
6.173704e-01
5.396770e-01
4.588013e-01
3.801526e-01
3.064489e-01
2.403950e-01
1.820290e-01
1.340664e-01
9.530331e-02
6.534535e-02
4.339333e-02
2.754300e-02
1.683919e-02
9.939272e-03
5.680035e-03
3.104681e-03
1.618592e-03
8.173410e-04
3.941055e-04
1.822495e-04
8.120275e-05
3.428081e-05
1.368350e-05
5.257149e-06
1.914753e-06
6.762375e-07
2.271251e-07
7.041067e-08
2.122777e-08
6.008786e-09
1.582941e-09
3.927005e-10
9.278244e-11
2.022797e-11
4.100758e-12
7.712380e-13
1.370003e-13
2.264423e-14
3.344855e-15
4.439113e-16
5.518232e-17
6.117241e-18
6.044611e-19
5.261728e-20
3.989807e-21
2.640812e-22
1.415495e-23
5.972710e-25
1.785696e-26
3.636548e-28
3.966065e-30
0
