1
1
1
1
1
1
1
1
1
1
1.000000e+00
1.000000e+00
1.000000e+00
1.000000e+00
1.000000e+00
1.000000e+00
1.000000e+00
1.000000e+00
1.000000e+00
1.000000e+00
1.000000e+00
1.000000e+00
1.000000e+00
1.000000e+00
9.999999e-01
9.999997e-01
9.999992e-01
9.999978e-01
9.999941e-01
9.999848e-01
9.999625e-01
9.999123e-01
9.998035e-01
9.995836e-01
9.991437e-01
9.983125e-01
9.968104e-01
9.941969e-01
9.898448e-01
9.828502e-01
9.721718e-01
9.566041e-01
9.347193e-01
9.050667e-01
8.665070e-01
8.178961e-01
7.600611e-01
6.940262e-01
6.201823e-01
5.420369e-01
4.619041e-01
3.835777e-01
3.088704e-01
2.419495e-01
1.827905e-01
1.338532e-01
9.504325e-02
6.513012e-02
4.310964e-02
2.748898e-02
1.690713e-02
9.996979e-03
5.693691e-03
3.122896e-03
1.640542e-03
8.346676e-04
4.056462e-04
1.876944e-04
8.394795e-05
3.602090e-05
1.464744e-05
5.641667e-06
2.081166e-06
7.247148e-07
2.380190e-07
7.470675e-08
2.234151e-08
6.255128e-09
1.653056e-09
4.159315e-10
9.747637e-11
2.107416e-11
4.252622e-12
8.117676e-13
1.406973e-13
2.379379e-14
3.475676e-15
4.779007e-16
5.758022e-17
6.712721e-18
6.376825e-19
5.703957e-20
4.315541e-21
2.821480e-22
1.427387e-23
5.886538e-25
1.928349e-26
4.056424e-28
3.867385e-30
0
