1
1
1
1
1
1
1
1
1
1
1.000000e+00
1.000000e+00
1.000000e+00
1.000000e+00
1.000000e+00
1.000000e+00
1.000000e+00
1.000000e+00
1.000000e+00
1.000000e+00
1.000000e+00
1.000000e+00
1.000000e+00
1.000000e+00
9.999999e-01
9.999997e-01
9.999993e-01
9.999979e-01
9.999943e-01
9.999854e-01
9.999640e-01
9.999146e-01
9.998102e-01
9.995915e-01
9.991502e-01
9.983146e-01
9.968017e-01
9.941711e-01
9.898342e-01
9.829316e-01
9.721867e-01
9.565245e-01
9.344871e-01
9.048094e-01
8.654286e-01
8.174956e-01
7.594816e-01
6.930134e-01
6.195764e-01
5.421183e-01
4.621145e-01
3.827334e-01
3.086182e-01
2.417629e-01
1.833173e-01
1.340898e-01
9.511494e-02
6.543150e-02
4.326430e-02
2.759377e-02
1.692155e-02
1.003475e-02
5.707494e-03
3.126763e-03
1.633488e-03
8.235661e-04
3.934844e-04
1.831462e-04
8.009450e-05
3.377653e-05
1.355019e-05
5.237701e-06
1.936999e-06
6.890368e-07
2.255839e-07
7.146858e-08
2.115999e-08
6.028292e-09
1.596413e-09
3.995907e-10
9.159471e-11
2.004706e-11
4.230809e-12
8.050497e-13
1.405083e-13
2.348967e-14
3.550455e-15
4.885494e-16
6.094646e-17
6.743441e-18
6.894175e-19
5.896762e-20
4.325416e-21
2.690791e-22
1.408530e-23
5.818051e-25
1.845923e-26
4.044382e-28
3.826709e-30
0
