1
1
1
1
1
1
1
1
1
1
1
1.000000e+00
1.000000e+00
1.000000e+00
1.000000e+00
1.000000e+00
1.000000e+00
1.000000e+00
1.000000e+00
1.000000e+00
1.000000e+00
1.000000e+00
1.000000e+00
1.000000e+00
9.999999e-01
9.999998e-01
9.999993e-01
9.999979e-01
9.999943e-01
9.999853e-01
9.999639e-01
9.999162e-01
9.998113e-01
9.995917e-01
9.991627e-01
9.983441e-01
9.968405e-01
9.942272e-01
9.899351e-01
9.828978e-01
9.724471e-01
9.569183e-01
9.353135e-01
9.056138e-01
8.673693e-01
8.192070e-01
7.611190e-01
6.949981e-01
6.223290e-01
5.431762e-01
4.632886e-01
3.853239e-01
3.114840e-01
2.441113e-01
1.851204e-01
1.362775e-01
9.619963e-02
6.576684e-02
4.366706e-02
2.785349e-02
1.716358e-02
1.014422e-02
5.763963e-03
3.163893e-03
1.658631e-03
8.340302e-04
4.043787e-04
1.849586e-04
8.216631e-05
3.475633e-05
1.397218e-05
5.366198e-06
1.958313e-06
6.847730e-07
2.273644e-07
7.180734e-08
2.128163e-08
5.884453e-09
1.560985e-09
3.933856e-10
9.058249e-11
1.986703e-11
4.147160e-12
7.661994e-13
1.398001e-13
2.279670e-14
3.461531e-15
4.727659e-16
5.937345e-17
6.647282e-18
6.745626e-19
6.104724e-20
4.345422e-21
2.837755e-22
1.495046e-23
6.419951e-25
1.983803e-26
3.741310e-28
3.882270e-30
0
