1
1
1
1
1
1
1
1
1
1
1
1.000000e+00
1.000000e+00
1.000000e+00
1.000000e+00
1.000000e+00
1.000000e+00
1.000000e+00
1.000000e+00
1.000000e+00
1.000000e+00
1.000000e+00
1.000000e+00
1.000000e+00
9.999999e-01
9.999998e-01
9.999993e-01
9.999979e-01
9.999942e-01
9.999850e-01
9.999633e-01
9.999138e-01
9.998068e-01
9.995871e-01
9.991508e-01
9.983249e-01
9.968146e-01
9.941788e-01
9.897717e-01
9.829583e-01
9.722984e-01
9.565806e-01
9.345865e-01
9.048645e-01
8.663111e-01
8.182514e-01
7.605406e-01
6.945225e-01
6.206625e-01
5.416087e-01
4.626088e-01
3.836219e-01
3.106711e-01
2.426405e-01
1.835487e-01
1.348558e-01
9.579117e-02
6.558686e-02
4.361372e-02
2.797090e-02
1.714296e-02
1.021893e-02
5.803548e-03
3.159088e-03
1.666326e-03
8.355025e-04
4.036384e-04
1.873880e-04
8.364155e-05
3.511050e-05
1.408709e-05
5.451402e-06
2.015545e-06
7.063936e-07
2.332349e-07
7.315833e-08
2.150879e-08
6.054339e-09
1.612160e-09
4.090123e-10
9.421175e-11
2.082288e-11
4.291545e-12
8.060302e-13
1.414156e-13
2.317441e-14
3.506845e-15
4.826343e-16
5.846599e-17
6.509374e-18
6.759478e-19
5.834078e-20
4.352489e-21
2.795914e-22
1.439276e-23
6.001998e-25
1.881833e-26
3.802533e-28
3.893691e-30
0
