1
1
1
1
1
1
1
1
1
1
1.000000e+00
1.000000e+00
1.000000e+00
1.000000e+00
1.000000e+00
1.000000e+00
1.000000e+00
1.000000e+00
1.000000e+00
1.000000e+00
1.000000e+00
1.000000e+00
1.000000e+00
1.000000e+00
9.999999e-01
9.999997e-01
9.999992e-01
9.999979e-01
9.999943e-01
9.999853e-01
9.999644e-01
9.999171e-01
9.998121e-01
9.995935e-01
9.991641e-01
9.983340e-01
9.968566e-01
9.942917e-01
9.900114e-01
9.830766e-01
9.724793e-01
9.567825e-01
9.347997e-01
9.051665e-01
8.662488e-01
8.185675e-01
7.612141e-01
6.941577e-01
6.205481e-01
5.423769e-01
4.628641e-01
3.840305e-01
3.096365e-01
2.431799e-01
1.844897e-01
1.356313e-01
9.632817e-02
6.598438e-02
4.384979e-02
2.801297e-02
1.717942e-02
1.017291e-02
5.773000e-03
3.163919e-03
1.674878e-03
8.406109e-04
4.049106e-04
1.864407e-04
8.267574e-05
3.495048e-05
1.415786e-05
5.455879e-06
1.990630e-06
6.924735e-07
2.276734e-07
7.181769e-08
2.125097e-08
6.026965e-09
1.576772e-09
3.885626e-10
9.164466e-11
2.025477e-11
4.137703e-12
7.834915e-13
1.410884e-13
2.302009e-14
3.444036e-15
4.603784e-16
5.726430e-17
6.230257e-18
6.422100e-19
5.527240e-20
4.225004e-21
2.691451e-22
1.347477e-23
5.569989e-25
1.709334e-26
3.638930e-28
3.812251e-30
0
