1
1
1
1
1
1
1
1
1
1
1
1.000000e+00
1.000000e+00
1.000000e+00
1.000000e+00
1.000000e+00
1.000000e+00
1.000000e+00
1.000000e+00
1.000000e+00
1.000000e+00
1.000000e+00
1.000000e+00
1.000000e+00
9.999999e-01
9.999997e-01
9.999993e-01
9.999979e-01
9.999942e-01
9.999851e-01
9.999634e-01
9.999139e-01
9.998083e-01
9.995870e-01
9.991538e-01
9.983216e-01
9.968029e-01
9.942037e-01
9.898628e-01
9.829818e-01
9.724396e-01
9.567440e-01
9.346276e-01
9.049174e-01
8.659317e-01
8.173745e-01
7.588618e-01
6.916396e-01
6.181597e-01
5.400281e-01
4.599459e-01
3.820078e-01
3.081495e-01
2.422769e-01
1.837119e-01
1.348466e-01
9.574129e-02
6.570903e-02
4.351704e-02
2.775176e-02
1.708032e-02
1.010252e-02
5.717100e-03
3.148406e-03
1.657778e-03
8.336963e-04
4.035184e-04
1.861720e-04
8.153684e-05
3.427911e-05
1.387080e-05
5.306302e-06
1.969870e-06
6.799690e-07
2.268808e-07
7.122099e-08
2.090944e-08
5.850883e-09
1.560813e-09
3.961946e-10
9.254062e-11
2.018299e-11
4.101692e-12
7.869152e-13
1.411311e-13
2.296410e-14
3.509122e-15
4.819912e-16
5.944031e-17
6.551636e-18
6.380378e-19
5.451380e-20
4.347390e-21
2.727048e-22
1.421212e-23
5.693922e-25
1.773793e-26
3.566500e-28
3.852507e-30
0
