1
1
1
1
1
1
1
1
1
1
1.000000e+00
1.000000e+00
1.000000e+00
1.000000e+00
1.000000e+00
1.000000e+00
1.000000e+00
1.000000e+00
1.000000e+00
1.000000e+00
1.000000e+00
1.000000e+00
1.000000e+00
1.000000e+00
9.999999e-01
9.999997e-01
9.999992e-01
9.999978e-01
9.999942e-01
9.999852e-01
9.999638e-01
9.999142e-01
9.998076e-01
9.995832e-01
9.991423e-01
9.983088e-01
9.967984e-01
9.941671e-01
9.897232e-01
9.827086e-01
9.721547e-01
9.566839e-01
9.348125e-01
9.051916e-01
8.663253e-01
8.178381e-01
7.597838e-01
6.925710e-01
6.183237e-01
5.395190e-01
4.598805e-01
3.813876e-01
3.071195e-01
2.397333e-01
1.814416e-01
1.330447e-01
9.457913e-02
6.476901e-02
4.284398e-02
2.747486e-02
1.699405e-02
1.005966e-02
5.725097e-03
3.148782e-03
1.666191e-03
8.351021e-04
4.023415e-04
1.844474e-04
8.163541e-05
3.443791e-05
1.378983e-05
5.285450e-06
1.944408e-06
6.715100e-07
2.206628e-07
6.913276e-08
2.050113e-08
5.780317e-09
1.554634e-09
3.866680e-10
9.119456e-11
2.013201e-11
4.177237e-12
7.932296e-13
1.413980e-13
2.299498e-14
3.382116e-15
4.621244e-16
5.616552e-17
6.234963e-18
6.251188e-19
5.386861e-20
4.148711e-21
2.643619e-22
1.469197e-23
5.973226e-25
1.992047e-26
4.096559e-28
3.952250e-30
0
