1
1
1
1
1
1
1
1
1
1
1
1.000000e+00
1.000000e+00
1.000000e+00
1.000000e+00
1.000000e+00
1.000000e+00
1.000000e+00
1.000000e+00
1.000000e+00
1.000000e+00
1.000000e+00
1.000000e+00
1.000000e+00
9.999999e-01
9.999997e-01
9.999993e-01
9.999979e-01
9.999943e-01
9.999854e-01
9.999642e-01
9.999160e-01
9.998107e-01
9.995961e-01
9.991652e-01
9.983511e-01
9.968811e-01
9.942520e-01
9.899725e-01
9.831781e-01
9.728075e-01
9.574106e-01
9.355849e-01
9.061717e-01
8.673265e-01
8.191746e-01
7.614027e-01
6.945310e-01
6.210730e-01
5.426891e-01
4.625797e-01
3.833912e-01
3.090682e-01
2.419449e-01
1.828032e-01
1.339908e-01
9.500177e-02
6.543660e-02
4.334228e-02
2.748826e-02
1.688954e-02
1.001502e-02
5.731278e-03
3.127565e-03
1.647985e-03
8.335828e-04
4.021011e-04
1.851799e-04
8.243145e-05
3.485308e-05
1.393591e-05
5.345807e-06
1.955759e-06
6.783873e-07
2.235266e-07
7.003511e-08
2.090671e-08
5.920307e-09
1.567465e-09
3.887601e-10
9.148834e-11
2.035557e-11
4.130356e-12
7.999688e-13
1.415139e-13
2.303780e-14
3.406624e-15
4.798366e-16
5.929987e-17
6.819353e-18
6.903115e-19
6.190122e-20
4.728214e-21
3.134427e-22
1.648980e-23
6.577164e-25
1.997359e-26
4.218108e-28
3.792286e-30
0
