1
1
1
1
1
1
1
1
1
1.000000e+00
1.000000e+00
1.000000e+00
1.000000e+00
1.000000e+00
1.000000e+00
1.000000e+00
1.000000e+00
1.000000e+00
1.000000e+00
1.000000e+00
1.000000e+00
1.000000e+00
1.000000e+00
1.000000e+00
9.999999e-01
9.999997e-01
9.999992e-01
9.999979e-01
9.999943e-01
9.999852e-01
9.999637e-01
9.999148e-01
9.998095e-01
9.995919e-01
9.991598e-01
9.983469e-01
9.968409e-01
9.942304e-01
9.898659e-01
9.829977e-01
9.724880e-01
9.570290e-01
9.352229e-01
9.055620e-01
8.667339e-01
8.184970e-01
7.608358e-01
6.934423e-01
6.196494e-01
5.416560e-01
4.611896e-01
3.831002e-01
3.086581e-01
2.413196e-01
1.830089e-01
1.341147e-01
9.576323e-02
6.544271e-02
4.347026e-02
2.787424e-02
1.712569e-02
1.017716e-02
5.835412e-03
3.203179e-03
1.686819e-03
8.468309e-04
4.081612e-04
1.887120e-04
8.325985e-05
3.543715e-05
1.429358e-05
5.532894e-06
2.034892e-06
7.063297e-07
2.321154e-07
7.353941e-08
2.178420e-08
6.121520e-09
1.624450e-09
4.037207e-10
9.473359e-11
2.029612e-11
4.222638e-12
7.942902e-13
1.420156e-13
2.301139e-14
3.391415e-15
4.638938e-16
5.737312e-17
6.561875e-18
6.537402e-19
5.702267e-20
4.265810e-21
2.716066e-22
1.420343e-23
5.925761e-25
1.907998e-26
3.797349e-28
3.705263e-30
0
