1
1
1
1
1
1
1
1
1
1
1.000000e+00
1.000000e+00
1.000000e+00
1.000000e+00
1.000000e+00
1.000000e+00
1.000000e+00
1.000000e+00
1.000000e+00
1.000000e+00
1.000000e+00
1.000000e+00
1.000000e+00
1.000000e+00
9.999999e-01
9.999997e-01
9.999993e-01
9.999979e-01
9.999943e-01
9.999853e-01
9.999640e-01
9.999150e-01
9.998086e-01
9.995881e-01
9.991527e-01
9.983319e-01
9.968623e-01
9.942702e-01
9.900433e-01
9.831657e-01
9.724902e-01
9.568557e-01
9.348164e-01
9.053634e-01
8.665477e-01
8.182406e-01
7.599076e-01
6.928593e-01
6.185302e-01
5.395236e-01
4.604405e-01
3.810919e-01
3.073932e-01
2.402115e-01
1.814837e-01
1.328858e-01
9.404394e-02
6.461906e-02
4.265880e-02
2.727101e-02
1.676620e-02
9.983063e-03
5.656629e-03
3.090595e-03
1.616951e-03
8.189394e-04
3.945949e-04
1.819832e-04
8.116346e-05
3.422720e-05
1.376027e-05
5.272875e-06
1.931505e-06
6.803879e-07
2.252430e-07
7.085774e-08
2.100255e-08
5.918476e-09
1.563781e-09
3.921486e-10
9.201216e-11
2.040384e-11
4.182920e-12
7.961844e-13
1.412756e-13
2.297777e-14
3.441070e-15
4.717133e-16
5.940510e-17
6.609588e-18
6.384151e-19
5.541421e-20
4.144458e-21
2.613937e-22
1.353151e-23
5.341915e-25
1.697476e-26
3.638678e-28
3.508187e-30
0
