1
1
1
1
1
1
1
1
1
1
1.000000e+00
1.000000e+00
1.000000e+00
1.000000e+00
1.000000e+00
1.000000e+00
1.000000e+00
1.000000e+00
1.000000e+00
1.000000e+00
1.000000e+00
1.000000e+00
1.000000e+00
1.000000e+00
9.999999e-01
9.999997e-01
9.999992e-01
9.999979e-01
9.999943e-01
9.999853e-01
9.999636e-01
9.999150e-01
9.998089e-01
9.995860e-01
9.991518e-01
9.983316e-01
9.968195e-01
9.942135e-01
9.898948e-01
9.830814e-01
9.724407e-01
9.569869e-01
9.350132e-01
9.050098e-01
8.663119e-01
8.177044e-01
7.599543e-01
6.925818e-01
6.188582e-01
5.401553e-01
4.592417e-01
3.808758e-01
3.072332e-01
2.402972e-01
1.822499e-01
1.342195e-01
9.508305e-02
6.537217e-02
4.335533e-02
2.770347e-02
1.706404e-02
1.015553e-02
5.738762e-03
3.127583e-03
1.644403e-03
8.263846e-04
3.999348e-04
1.852406e-04
8.162194e-05
3.421254e-05
1.382397e-05
5.317416e-06
1.959282e-06
6.856163e-07
2.278677e-07
7.209460e-08
2.133170e-08
5.997119e-09
1.574633e-09
3.962850e-10
9.157312e-11
2.002312e-11
4.184465e-12
7.835429e-13
1.354277e-13
2.233284e-14
3.425214e-15
4.670803e-16
5.561982e-17
6.168888e-18
6.139601e-19
5.408024e-20
3.992022e-21
2.555385e-22
1.390122e-23
5.525415e-25
1.687003e-26
3.305404e-28
3.321075e-30
0
