1
1
1
1
1
1
1
1
1
1
1.000000e+00
1.000000e+00
1.000000e+00
1.000000e+00
1.000000e+00
1.000000e+00
1.000000e+00
1.000000e+00
1.000000e+00
1.000000e+00
1.000000e+00
1.000000e+00
1.000000e+00
1.000000e+00
9.999999e-01
9.999997e-01
9.999992e-01
9.999978e-01
9.999941e-01
9.999851e-01
9.999633e-01
9.999150e-01
9.998085e-01
9.995905e-01
9.991564e-01
9.983430e-01
9.968486e-01
9.942448e-01
9.898311e-01
9.827656e-01
9.720516e-01
9.562910e-01
9.341763e-01
9.042620e-01
8.656378e-01
8.173066e-01
7.598461e-01
6.923368e-01
6.188925e-01
5.408012e-01
4.601199e-01
3.813601e-01
3.070067e-01
2.396669e-01
1.820264e-01
1.338310e-01
9.502873e-02
6.527871e-02
4.333025e-02
2.758125e-02
1.694391e-02
1.006229e-02
5.683294e-03
3.106620e-03
1.640312e-03
8.227331e-04
3.925511e-04
1.814946e-04
8.040278e-05
3.392582e-05
1.368733e-05
5.295385e-06
1.940973e-06
6.758645e-07
2.217557e-07
6.994410e-08
2.070998e-08
5.806097e-09
1.536856e-09
3.780505e-10
8.974353e-11
2.009225e-11
4.090754e-12
7.649223e-13
1.355056e-13
2.207253e-14
3.235915e-15
4.451566e-16
5.548780e-17
6.112115e-18
6.170352e-19
5.527691e-20
4.320677e-21
2.655641e-22
1.384877e-23
6.168729e-25
1.913078e-26
3.727225e-28
3.673231e-30
0
