1
1
1
1
1
1
1
1
1
1
1.000000e+00
1.000000e+00
1.000000e+00
1.000000e+00
1.000000e+00
1.000000e+00
1.000000e+00
1.000000e+00
1.000000e+00
1.000000e+00
1.000000e+00
1.000000e+00
1.000000e+00
1.000000e+00
9.999999e-01
9.999998e-01
9.999993e-01
9.999979e-01
9.999943e-01
9.999853e-01
9.999640e-01
9.999155e-01
9.998116e-01
9.995918e-01
9.991644e-01
9.983570e-01
9.968650e-01
9.942884e-01
9.899638e-01
9.829344e-01
9.721747e-01
9.565156e-01
9.347300e-01
9.051032e-01
8.662705e-01
8.180714e-01
7.604524e-01
6.935812e-01
6.200157e-01
5.411823e-01
4.604338e-01
3.817515e-01
3.081119e-01
2.416048e-01
1.834469e-01
1.349452e-01
9.570418e-02
6.593390e-02
4.354120e-02
2.773582e-02
1.705464e-02
1.009456e-02
5.726089e-03
3.103098e-03
1.631776e-03
8.182421e-04
3.943120e-04
1.827393e-04
8.027663e-05
3.404665e-05
1.373026e-05
5.312689e-06
1.917262e-06
6.741258e-07
2.242783e-07
7.052254e-08
2.113640e-08
5.978217e-09
1.553631e-09
3.921755e-10
8.959144e-11
1.945049e-11
4.025090e-12
7.569878e-13
1.337921e-13
2.220986e-14
3.359925e-15
4.598485e-16
5.654450e-17
6.138546e-18
6.071485e-19
5.145069e-20
3.866711e-21
2.450876e-22
1.315732e-23
5.410807e-25
1.752012e-26
3.522046e-28
3.649997e-30
0
