1
1
1
1
1
1
1
1
1
1
1
1.000000e+00
1.000000e+00
1.000000e+00
1.000000e+00
1.000000e+00
1.000000e+00
1.000000e+00
1.000000e+00
1.000000e+00
1.000000e+00
1.000000e+00
1.000000e+00
1.000000e+00
9.999999e-01
9.999997e-01
9.999992e-01
9.999979e-01
9.999943e-01
9.999852e-01
9.999637e-01
9.999147e-01
9.998087e-01
9.995880e-01
9.991580e-01
9.983306e-01
9.968447e-01
9.942323e-01
9.898669e-01
9.829731e-01
9.721556e-01
9.562796e-01
9.342044e-01
9.040587e-01
8.653374e-01
8.170491e-01
7.595596e-01
6.929704e-01
6.200102e-01
5.416463e-01
4.611226e-01
3.826139e-01
3.072433e-01
2.406430e-01
1.828277e-01
1.342621e-01
9.538135e-02
6.524898e-02
4.325431e-02
2.766597e-02
1.695448e-02
1.004006e-02
5.729581e-03
3.127052e-03
1.648586e-03
8.340123e-04
4.020204e-04
1.855075e-04
8.111588e-05
3.423610e-05
1.378960e-05
5.328049e-06
1.963991e-06
6.777648e-07
2.234471e-07
7.098708e-08
2.107658e-08
5.928748e-09
1.560086e-09
3.914258e-10
9.179158e-11
2.002412e-11
4.052159e-12
7.725516e-13
1.376531e-13
2.281031e-14
3.395651e-15
4.542111e-16
5.683715e-17
6.346947e-18
6.333494e-19
5.518776e-20
3.982554e-21
2.528490e-22
1.356862e-23
5.731804e-25
1.723892e-26
3.618153e-28
3.779710e-30
0
