1
1
1
1
1
1
1
1
1
1
1.000000e+00
1.000000e+00
1.000000e+00
1.000000e+00
1.000000e+00
1.000000e+00
1.000000e+00
1.000000e+00
1.000000e+00
1.000000e+00
1.000000e+00
1.000000e+00
1.000000e+00
1.000000e+00
9.999999e-01
9.999997e-01
9.999992e-01
9.999979e-01
9.999943e-01
9.999853e-01
9.999637e-01
9.999149e-01
9.998100e-01
9.995942e-01
9.991526e-01
9.983246e-01
9.968507e-01
9.942692e-01
9.899298e-01
9.830993e-01
9.725608e-01
9.568623e-01
9.348508e-01
9.048621e-01
8.661706e-01
8.176136e-01
7.597477e-01
6.924147e-01
6.188355e-01
5.399246e-01
4.601468e-01
3.812674e-01
3.079472e-01
2.414128e-01
1.828078e-01
1.340669e-01
9.531844e-02
6.516886e-02
4.309831e-02
2.749261e-02
1.683329e-02
9.958862e-03
5.741971e-03
3.151834e-03
1.655391e-03
8.346765e-04
3.999116e-04
1.855487e-04
8.253183e-05
3.494728e-05
1.407205e-05
5.463065e-06
2.003041e-06
6.991325e-07
2.310767e-07
7.286430e-08
2.186041e-08
6.159252e-09
1.634012e-09
4.041457e-10
9.314735e-11
2.039936e-11
4.217168e-12
8.133004e-13
1.414534e-13
2.310834e-14
3.446497e-15
4.670629e-16
5.857100e-17
6.452627e-18
6.510474e-19
5.556221e-20
4.381230e-21
2.720903e-22
1.451786e-23
6.381822e-25
2.135875e-26
3.999540e-28
4.609851e-30
0
