1
1
1
1
1
1
1
1
1
1
1
1.000000e+00
1.000000e+00
1.000000e+00
1.000000e+00
1.000000e+00
1.000000e+00
1.000000e+00
1.000000e+00
1.000000e+00
1.000000e+00
1.000000e+00
1.000000e+00
1.000000e+00
9.999999e-01
9.999997e-01
9.999992e-01
9.999979e-01
9.999942e-01
9.999851e-01
9.999634e-01
9.999145e-01
9.998064e-01
9.995839e-01
9.991455e-01
9.983115e-01
9.967842e-01
9.941549e-01
9.897328e-01
9.827148e-01
9.719084e-01
9.561690e-01
9.340410e-01
9.041692e-01
8.654807e-01
8.171305e-01
7.589707e-01
6.921958e-01
6.182052e-01
5.397849e-01
4.591981e-01
3.814203e-01
3.076068e-01
2.404640e-01
1.827896e-01
1.345594e-01
9.587979e-02
6.613867e-02
4.360044e-02
2.779974e-02
1.706699e-02
1.008011e-02
5.731249e-03
3.133523e-03
1.649337e-03
8.318747e-04
4.006602e-04
1.862367e-04
8.227162e-05
3.464055e-05
1.388762e-05
5.304904e-06
1.945466e-06
6.803318e-07
2.258811e-07
7.107297e-08
2.105734e-08
5.855277e-09
1.567797e-09
3.903729e-10
9.206299e-11
2.021604e-11
4.151224e-12
8.075762e-13
1.439642e-13
2.355082e-14
3.511429e-15
4.815403e-16
6.027862e-17
6.804364e-18
6.775000e-19
5.811688e-20
4.493874e-21
2.860977e-22
1.579962e-23
6.501276e-25
2.070786e-26
4.375584e-28
4.341758e-30
0
