1
1
1
1
1
1
1
1
1
1
1.000000e+00
1.000000e+00
1.000000e+00
1.000000e+00
1.000000e+00
1.000000e+00
1.000000e+00
1.000000e+00
1.000000e+00
1.000000e+00
1.000000e+00
1.000000e+00
1.000000e+00
1.000000e+00
9.999999e-01
9.999997e-01
9.999993e-01
9.999979e-01
9.999944e-01
9.999855e-01
9.999643e-01
9.999156e-01
9.998110e-01
9.995969e-01
9.991587e-01
9.983605e-01
9.968763e-01
9.942622e-01
9.899299e-01
9.831695e-01
9.726467e-01
9.574006e-01
9.352615e-01
9.057562e-01
8.668787e-01
8.176111e-01
7.594814e-01
6.930592e-01
6.190598e-01
5.408876e-01
4.610635e-01
3.816078e-01
3.071775e-01
2.405765e-01
1.820494e-01
1.334266e-01
9.475109e-02
6.504827e-02
4.323706e-02
2.759604e-02
1.697168e-02
1.010255e-02
5.762101e-03
3.155710e-03
1.659464e-03
8.351689e-04
4.004059e-04
1.833602e-04
8.040077e-05
3.417822e-05
1.381626e-05
5.272236e-06
1.966623e-06
6.867841e-07
2.279923e-07
7.080417e-08
2.124782e-08
6.022658e-09
1.608226e-09
3.961476e-10
9.311161e-11
2.034968e-11
4.092076e-12
7.779958e-13
1.383241e-13
2.260484e-14
3.442408e-15
4.648977e-16
5.749036e-17
6.377408e-18
6.351264e-19
5.595942e-20
4.147339e-21
2.663610e-22
1.345267e-23
5.978169e-25
1.922890e-26
3.642603e-28
3.703817e-30
0
