1
1
1
1
1
1
1
1
1
1
1
1.000000e+00
1.000000e+00
1.000000e+00
1.000000e+00
1.000000e+00
1.000000e+00
1.000000e+00
1.000000e+00
1.000000e+00
1.000000e+00
1.000000e+00
1.000000e+00
1.000000e+00
9.999999e-01
9.999997e-01
9.999992e-01
9.999978e-01
9.999942e-01
9.999851e-01
9.999636e-01
9.999139e-01
9.998078e-01
9.995930e-01
9.991620e-01
9.983397e-01
9.968550e-01
9.942719e-01
9.899150e-01
9.829432e-01
9.723270e-01
9.565348e-01
9.344584e-01
9.046325e-01
8.662853e-01
8.179224e-01
7.600625e-01
6.931672e-01
6.200597e-01
5.412663e-01
4.610677e-01
3.824978e-01
3.083534e-01
2.414115e-01
1.830189e-01
1.345047e-01
9.544428e-02
6.522066e-02
4.323278e-02
2.760997e-02
1.700390e-02
1.001943e-02
5.664448e-03
3.095871e-03
1.628191e-03
8.169633e-04
3.955840e-04
1.822345e-04
8.066037e-05
3.396381e-05
1.366800e-05
5.185067e-06
1.886233e-06
6.651225e-07
2.206243e-07
6.912098e-08
2.051443e-08
5.776055e-09
1.539457e-09
3.778783e-10
8.834667e-11
1.962966e-11
4.060285e-12
7.740145e-13
1.385216e-13
2.272627e-14
3.372010e-15
4.648366e-16
5.894209e-17
6.494462e-18
6.331748e-19
5.627035e-20
4.211849e-21
2.725612e-22
1.396632e-23
6.007669e-25
1.884432e-26
3.810451e-28
3.631484e-30
0
