1
1
1
1
1
1
1
1
1
1
1
1.000000e+00
1.000000e+00
1.000000e+00
1.000000e+00
1.000000e+00
1.000000e+00
1.000000e+00
1.000000e+00
1.000000e+00
1.000000e+00
1.000000e+00
1.000000e+00
1.000000e+00
9.999999e-01
9.999997e-01
9.999993e-01
9.999979e-01
9.999942e-01
9.999851e-01
9.999637e-01
9.999148e-01
9.998110e-01
9.995909e-01
9.991583e-01
9.983370e-01
9.968336e-01
9.942315e-01
9.898718e-01
9.828985e-01
9.721082e-01
9.562841e-01
9.343231e-01
9.045788e-01
8.656771e-01
8.174056e-01
7.599902e-01
6.921347e-01
6.194479e-01
5.406963e-01
4.608160e-01
3.810910e-01
3.077557e-01
2.408568e-01
1.830134e-01
1.350418e-01
9.582887e-02
6.555314e-02
4.332394e-02
2.766326e-02
1.705548e-02
1.002952e-02
5.681949e-03
3.103101e-03
1.629088e-03
8.270635e-04
3.969730e-04
1.844197e-04
8.177881e-05
3.420677e-05
1.371389e-05
5.287646e-06
1.951362e-06
6.779431e-07
2.239289e-07
7.105196e-08
2.104693e-08
5.873281e-09
1.523412e-09
3.835335e-10
8.944973e-11
1.943617e-11
3.904934e-12
7.507510e-13
1.306222e-13
2.141217e-14
3.207215e-15
4.353126e-16
5.424455e-17
6.058138e-18
5.992206e-19
5.281837e-20
4.000704e-21
2.596825e-22
1.338602e-23
5.653689e-25
1.823801e-26
3.747816e-28
3.674005e-30
0
