1
1
1
1
1
1
1
1
1
1
1.000000e+00
1.000000e+00
1.000000e+00
1.000000e+00
1.000000e+00
1.000000e+00
1.000000e+00
1.000000e+00
1.000000e+00
1.000000e+00
1.000000e+00
1.000000e+00
1.000000e+00
1.000000e+00
9.999999e-01
9.999997e-01
9.999992e-01
9.999979e-01
9.999942e-01
9.999854e-01
9.999640e-01
9.999161e-01
9.998114e-01
9.995948e-01
9.991600e-01
9.983490e-01
9.968513e-01
9.942565e-01
9.899580e-01
9.830262e-01
9.724169e-01
9.568257e-01
9.348272e-01
9.052622e-01
8.663519e-01
8.182560e-01
7.606958e-01
6.933179e-01
6.191239e-01
5.403091e-01
4.603980e-01
3.822644e-01
3.086335e-01
2.404345e-01
1.823660e-01
1.339735e-01
9.551489e-02
6.558371e-02
4.352671e-02
2.771450e-02
1.707096e-02
1.004697e-02
5.704212e-03
3.113247e-03
1.628782e-03
8.176334e-04
3.959331e-04
1.818744e-04
8.013513e-05
3.384061e-05
1.373830e-05
5.242092e-06
1.932445e-06
6.768429e-07
2.209367e-07
6.952822e-08
2.071179e-08
5.837823e-09
1.544297e-09
3.825589e-10
9.039093e-11
1.947125e-11
3.940769e-12
7.524898e-13
1.337056e-13
2.196717e-14
3.307399e-15
4.588857e-16
5.783644e-17
6.435297e-18
6.451122e-19
5.772284e-20
4.310581e-21
2.841650e-22
1.449271e-23
6.115246e-25
1.971897e-26
4.095812e-28
3.697186e-30
0
