1
1
1
1
1
1
1
1
1
1
1
1.000000e+00
1.000000e+00
1.000000e+00
1.000000e+00
1.000000e+00
1.000000e+00
1.000000e+00
1.000000e+00
1.000000e+00
1.000000e+00
1.000000e+00
1.000000e+00
1.000000e+00
9.999999e-01
9.999997e-01
9.999993e-01
9.999979e-01
9.999943e-01
9.999853e-01
9.999639e-01
9.999149e-01
9.998107e-01
9.995945e-01
9.991627e-01
9.983533e-01
9.968691e-01
9.942973e-01
9.899295e-01
9.830178e-01
9.723214e-01
9.568822e-01
9.346831e-01
9.043445e-01
8.653358e-01
8.169129e-01
7.586158e-01
6.913355e-01
6.165993e-01
5.379137e-01
4.583583e-01
3.793189e-01
3.062059e-01
2.393889e-01
1.820371e-01
1.338431e-01
9.513758e-02
6.510935e-02
4.303469e-02
2.755264e-02
1.690476e-02
9.958227e-03
5.713656e-03
3.118809e-03
1.632098e-03
8.239663e-04
3.980455e-04
1.829509e-04
8.161648e-05
3.456211e-05
1.374766e-05
5.296620e-06
1.944746e-06
6.748743e-07
2.199494e-07
6.990968e-08
2.081433e-08
5.884053e-09
1.537007e-09
3.809566e-10
9.004621e-11
1.996782e-11
4.122541e-12
7.879125e-13
1.425339e-13
2.326861e-14
3.464341e-15
4.709602e-16
5.881843e-17
6.592043e-18
6.544613e-19
5.537184e-20
4.227856e-21
2.628897e-22
1.422665e-23
5.935314e-25
1.811495e-26
3.408477e-28
3.824810e-30
0
