1
1
1
1
1
1
1
1
1
1
1.000000e+00
1.000000e+00
1.000000e+00
1.000000e+00
1.000000e+00
1.000000e+00
1.000000e+00
1.000000e+00
1.000000e+00
1.000000e+00
1.000000e+00
1.000000e+00
1.000000e+00
1.000000e+00
9.999999e-01
9.999997e-01
9.999992e-01
9.999979e-01
9.999943e-01
9.999852e-01
9.999633e-01
9.999146e-01
9.998094e-01
9.995889e-01
9.991570e-01
9.983412e-01
9.968475e-01
9.942461e-01
9.899761e-01
9.829712e-01
9.721690e-01
9.566048e-01
9.347949e-01
9.046443e-01
8.662091e-01
8.179457e-01
7.594801e-01
6.926800e-01
6.181861e-01
5.394245e-01
4.588495e-01
3.807095e-01
3.071987e-01
2.399035e-01
1.818657e-01
1.337242e-01
9.487104e-02
6.532685e-02
4.332302e-02
2.770660e-02
1.707188e-02
1.012058e-02
5.760307e-03
3.156737e-03
1.638074e-03
8.234375e-04
3.970832e-04
1.842309e-04
8.186864e-05
3.452146e-05
1.378342e-05
5.304814e-06
1.947112e-06
6.835420e-07
2.260182e-07
7.109881e-08
2.129196e-08
5.953275e-09
1.568148e-09
3.841409e-10
9.055279e-11
1.971322e-11
4.080272e-12
7.735778e-13
1.387186e-13
2.262041e-14
3.307465e-15
4.507229e-16
5.573560e-17
6.379693e-18
6.496895e-19
5.595503e-20
4.306439e-21
2.743014e-22
1.438412e-23
6.087229e-25
1.926448e-26
4.107795e-28
3.986194e-30
0
