1
1
1
1
1
1
1
1
1
1
1.000000e+00
1.000000e+00
1.000000e+00
1.000000e+00
1.000000e+00
1.000000e+00
1.000000e+00
1.000000e+00
1.000000e+00
1.000000e+00
1.000000e+00
1.000000e+00
1.000000e+00
1.000000e+00
9.999999e-01
9.999998e-01
9.999993e-01
9.999979e-01
9.999943e-01
9.999853e-01
9.999640e-01
9.999148e-01
9.998081e-01
9.995856e-01
9.991474e-01
9.983147e-01
9.968244e-01
9.942350e-01
9.899156e-01
9.830950e-01
9.725546e-01
9.569920e-01
9.347369e-01
9.046616e-01
8.653034e-01
8.164610e-01
7.584151e-01
6.920152e-01
6.184174e-01
5.394867e-01
4.595507e-01
3.814986e-01
3.078520e-01
2.405244e-01
1.822387e-01
1.336839e-01
9.482846e-02
6.490190e-02
4.290892e-02
2.736464e-02
1.680189e-02
9.921624e-03
5.646149e-03
3.080263e-03
1.617804e-03
8.251203e-04
3.954584e-04
1.819618e-04
8.113389e-05
3.417318e-05
1.378052e-05
5.312961e-06
1.935343e-06
6.781849e-07
2.228809e-07
7.065941e-08
2.098421e-08
5.883233e-09
1.559186e-09
3.938763e-10
9.224177e-11
2.019404e-11
4.182619e-12
8.085935e-13
1.444508e-13
2.283008e-14
3.380227e-15
4.603509e-16
5.755509e-17
6.379328e-18
6.181792e-19
5.482525e-20
4.016642e-21
2.604243e-22
1.367634e-23
5.792250e-25
1.908600e-26
3.699385e-28
4.061093e-30
0
