1
1
1
1
1
1
1
1
1
1
1
1.000000e+00
1.000000e+00
1.000000e+00
1.000000e+00
1.000000e+00
1.000000e+00
1.000000e+00
1.000000e+00
1.000000e+00
1.000000e+00
1.000000e+00
1.000000e+00
1.000000e+00
9.999999e-01
9.999997e-01
9.999992e-01
9.999979e-01
9.999942e-01
9.999851e-01
9.999637e-01
9.999150e-01
9.998092e-01
9.995879e-01
9.991497e-01
9.983282e-01
9.968499e-01
9.942427e-01
9.898894e-01
9.829268e-01
9.721299e-01
9.563334e-01
9.342632e-01
9.043183e-01
8.656516e-01
8.170796e-01
7.589424e-01
6.927264e-01
6.191168e-01
5.406037e-01
4.612869e-01
3.828496e-01
3.090492e-01
2.418928e-01
1.835696e-01
1.346989e-01
9.531835e-02
6.565884e-02
4.377130e-02
2.786723e-02
1.714755e-02
1.009788e-02
5.724922e-03
3.139117e-03
1.627873e-03
8.182287e-04
3.981960e-04
1.840347e-04
8.189434e-05
3.475129e-05
1.398055e-05
5.372366e-06
1.965433e-06
6.727485e-07
2.240554e-07
7.160888e-08
2.146561e-08
5.946073e-09
1.558649e-09
3.877576e-10
9.103975e-11
1.961206e-11
4.010279e-12
7.571737e-13
1.352464e-13
2.169172e-14
3.246202e-15
4.352547e-16
5.359742e-17
6.078695e-18
6.164718e-19
5.497149e-20
4.198556e-21
2.727396e-22
1.426858e-23
6.011091e-25
1.907479e-26
3.894149e-28
3.766755e-30
0
