1
1
1
1
1
1
1
1
1
1
1.000000e+00
1.000000e+00
1.000000e+00
1.000000e+00
1.000000e+00
1.000000e+00
1.000000e+00
1.000000e+00
1.000000e+00
1.000000e+00
1.000000e+00
1.000000e+00
1.000000e+00
1.000000e+00
9.999999e-01
9.999998e-01
9.999993e-01
9.999979e-01
9.999943e-01
9.999851e-01
9.999636e-01
9.999153e-01
9.998100e-01
9.995879e-01
9.991520e-01
9.983261e-01
9.968275e-01
9.941883e-01
9.898695e-01
9.829258e-01
9.723639e-01
9.568563e-01
9.346645e-01
9.045960e-01
8.656502e-01
8.168017e-01
7.585221e-01
6.919144e-01
6.180914e-01
5.394301e-01
4.594047e-01
3.808088e-01
3.072278e-01
2.402830e-01
1.820640e-01
1.339912e-01
9.526296e-02
6.510996e-02
4.324708e-02
2.758178e-02
1.688871e-02
1.006803e-02
5.708729e-03
3.122946e-03
1.618271e-03
8.185246e-04
3.986513e-04
1.851809e-04
8.199924e-05
3.451380e-05
1.393070e-05
5.344185e-06
1.980745e-06
6.961630e-07
2.286584e-07
7.186428e-08
2.154085e-08
5.987802e-09
1.592892e-09
4.001973e-10
9.363947e-11
2.043280e-11
4.124468e-12
7.880013e-13
1.410677e-13
2.334114e-14
3.449283e-15
4.606239e-16
5.590793e-17
6.200121e-18
6.283350e-19
5.450205e-20
4.201809e-21
2.631576e-22
1.358331e-23
5.753294e-25
1.933179e-26
3.753577e-28
3.966517e-30
0
